<?xml version="1.0" encoding="UTF-8" standalone="no" ?>
<COLLADA xmlns="http://www.collada.org/2005/11/COLLADASchema" version="1.4.1">
    <asset>
        <contributor>
            <authoring_tool>SketchUp 8.0.16846</authoring_tool>
        </contributor>
        <created>2015-02-01T09:35:41Z</created>
        <modified>2015-02-01T09:35:41Z</modified>
        <unit meter="0.02539999969303608" name="inch" />
        <up_axis>Z_UP</up_axis>
    </asset>
    <library_visual_scenes>
        <visual_scene id="ID1">
            <node name="SketchUp">
                <node id="ID2" name="instance_0">
                    <matrix>1 0 0 -302.9216406949552 0 1 0 -26.48706271038192 0 0 1 272.4409448818901 0 0 0 1</matrix>
                    <instance_node url="#ID3" />
                </node>
            </node>
        </visual_scene>
    </library_visual_scenes>
    <library_nodes>
        <node id="ID3" name="Explosion-with-Flying-Debris">
            <node id="ID4" name="group_0">
                <matrix>1 0 0 155.6328077420301 0 1 0 -143.0955377562622 0 0 1 -98.90672689296412 0 0 0 1</matrix>
            </node>
            <node id="ID5" name="group_1">
                <matrix>0.9900236577165573 -4.533716238454446e-016 -0.1409012319375854 -300.6814349087483 3.099901598380587e-016 1 -1.039551109186276e-015 14.08383335428927 0.1409012319375854 9.855021960901897e-016 0.9900236577165573 116.6304160690628 0 0 0 1</matrix>
                <node id="ID6" name="group_2">
                    <matrix>1 0 0 140.9463104513378 0 1 0 -232.0150641336132 0 0 1 -120.6162022986767 0 0 0 1</matrix>
                    <node id="ID7" name="group_3">
                        <matrix>0.9900236577165573 3.099901598380601e-016 0.1409012319375853 38.35508596853293 -4.533716238454468e-016 1 9.855021960901949e-016 142.5306786389544 -0.1409012319375853 -1.039551109186281e-015 0.9900236577165573 98.23280707952279 0 0 0 1</matrix>
                        <instance_geometry url="#ID183">
                            <bind_material>
                                <technique_common>
                                    <instance_material symbol="Material2" target="#ID44">
                                        <bind_vertex_input semantic="UVSET0" input_semantic="TEXCOORD" input_set="0" />
                                    </instance_material>
                                </technique_common>
                            </bind_material>
                        </instance_geometry>
                        <node id="ID8" name="group_4">
                            <matrix>-0.01493496698045632 -4.805557864112192e-017 -0.104938547623324 125.5718678495284 -1.101882593693089e-016 0.1059959999999999 -3.285771698219489e-017 4.973799150320701e-014 0.104938547623324 1.044592907767762e-016 -0.01493496698045632 23.86581066312699 0 0 0 1</matrix>
                            <instance_geometry url="#ID9">
                                <bind_material>
                                    <technique_common>
                                        <instance_material symbol="Material2" target="#ID10">
                                            <bind_vertex_input semantic="UVSET0" input_semantic="TEXCOORD" input_set="0" />
                                        </instance_material>
                                        <instance_material symbol="Material3" target="#ID19">
                                            <bind_vertex_input semantic="UVSET0" input_semantic="TEXCOORD" input_set="0" />
                                        </instance_material>
                                    </technique_common>
                                </bind_material>
                            </instance_geometry>
                            <instance_geometry url="#ID27">
                                <bind_material>
                                    <technique_common>
                                        <instance_material symbol="Material2" target="#ID10">
                                            <bind_vertex_input semantic="UVSET0" input_semantic="TEXCOORD" input_set="0" />
                                        </instance_material>
                                        <instance_material symbol="Material3" target="#ID19">
                                            <bind_vertex_input semantic="UVSET0" input_semantic="TEXCOORD" input_set="0" />
                                        </instance_material>
                                    </technique_common>
                                </bind_material>
                            </instance_geometry>
                            <instance_geometry url="#ID35">
                                <bind_material>
                                    <technique_common>
                                        <instance_material symbol="Material2" target="#ID10">
                                            <bind_vertex_input semantic="UVSET0" input_semantic="TEXCOORD" input_set="0" />
                                        </instance_material>
                                        <instance_material symbol="Material3" target="#ID19">
                                            <bind_vertex_input semantic="UVSET0" input_semantic="TEXCOORD" input_set="0" />
                                        </instance_material>
                                    </technique_common>
                                </bind_material>
                            </instance_geometry>
                            <instance_geometry url="#ID43">
                                <bind_material>
                                    <technique_common>
                                        <instance_material symbol="Material2" target="#ID44">
                                            <bind_vertex_input semantic="UVSET0" input_semantic="TEXCOORD" input_set="0" />
                                        </instance_material>
                                    </technique_common>
                                </bind_material>
                            </instance_geometry>
                            <instance_geometry url="#ID49">
                                <bind_material>
                                    <technique_common>
                                        <instance_material symbol="Material2" target="#ID44">
                                            <bind_vertex_input semantic="UVSET0" input_semantic="TEXCOORD" input_set="0" />
                                        </instance_material>
                                    </technique_common>
                                </bind_material>
                            </instance_geometry>
                        </node>
                        <node id="ID53" name="instance_1">
                            <matrix>-0.1409012319375855 -5.239721560209887e-016 -0.9900236577165572 113.3061940872425 -1.150573411648796e-015 1 -3.655013110693174e-016 76.62263028495258 0.9900236577165572 1.087595312467489e-015 -0.1409012319375855 102.5968101072271 0 0 0 1</matrix>
                            <instance_node url="#ID54" />
                        </node>
                        <node id="ID128" name="instance_12">
                            <matrix>-0.7928869097390081 0.01391162554085375 -0.6092099925635963 135.5095518803681 0.151103758604916 0.9730043499084238 -0.1744425097123783 93.07458208335913 0.5903371938985323 -0.2303671021089969 -0.7735845110690297 118.1984997559678 0 0 0 1</matrix>
                            <instance_node url="#ID54" />
                        </node>
                        <node id="ID129" name="instance_13">
                            <matrix>-0.01493496698045632 -4.903327734046666e-017 -0.1049385476233241 155.9015339241836 -1.032493654654017e-016 0.1059959999999999 -3.28577169821949e-017 58.95755714665761 0.104938547623324 1.113289599000295e-016 -0.01493496698045632 35.00413304950985 0 0 0 1</matrix>
                            <instance_node url="#ID130" />
                        </node>
                        <node id="ID163" name="instance_14">
                            <matrix>0.01056061642867772 0.01056061642867785 -0.1049385476233241 115.4451456979469 0.0749504903786492 -0.07495049037864918 -6.720348951590255e-017 113.5843693541213 -0.07420275863231983 -0.07420275863232004 -0.01493496698045624 135.549663875699 0 0 0 1</matrix>
                            <instance_node url="#ID130" />
                        </node>
                        <node id="ID164" name="instance_15">
                            <matrix>-0.005715364426340372 0.01379811031197544 -0.1049385476233241 133.5480553760398 0.09792753492806613 0.04056291309697014 -7.773263137480551e-017 43.33675383895476 0.04015824359190114 -0.09695057632065007 -0.01493496698045629 109.1894780498945 0 0 0 1</matrix>
                            <instance_node url="#ID130" />
                        </node>
                        <node id="ID165" name="instance_16">
                            <matrix>-0.73084049001714 0.1340050347882552 -0.669264393795834 136.575674243313 0.6724985119639564 0.3090169943749503 -0.6724985119639569 123.7177446138387 0.1166958849221819 -0.9415684509576936 -0.3159603180833923 109.4713738854785 0 0 0 1</matrix>
                            <instance_node url="#ID54" />
                        </node>
                        <node id="ID166" name="instance_17">
                            <matrix>-0.7308404900171391 -0.1340050347882555 -0.6692643937958349 142.8442933581639 -0.6724985119639578 0.3090169943749458 0.6724985119639576 52.03808756213297 0.1166958849221788 0.9415684509576949 -0.3159603180833892 65.42576023416649 0 0 0 1</matrix>
                            <instance_node url="#ID54" />
                        </node>
                        <node id="ID167" name="instance_18">
                            <matrix>-0.6194482855055324 0.08281966616275416 -0.7806565983074417 144.5220611609539 0.4156269377774547 -0.8090169943749461 -0.4156269377774549 144.1172051588764 -0.6659865390366327 -0.5819213054264456 0.4667221058754226 53.63714920447061 0 0 0 1</matrix>
                            <instance_node url="#ID54" />
                        </node>
                        <node id="ID168" name="instance_19">
                            <matrix>-0.619448285505532 -0.08281966616275376 -0.7806565983074422 148.4357115927228 -0.4156269377774523 -0.8090169943749486 0.4156269377774524 93.75202889044235 -0.6659865390366347 0.5819213054264421 0.4667221058754243 101.3559618227668 0 0 0 1</matrix>
                            <instance_node url="#ID54" />
                        </node>
                        <node id="ID169" name="instance_20">
                            <matrix>-1.371988701247782e-017 -0.01493496698045629 -0.1049385476233241 152.8094976015777 -0.1059959999999998 -4.079932033023677e-017 1.571454034515565e-017 147.729206336964 -1.512781394664219e-017 0.1049385476233242 -0.01493496698045627 8.354826091881684 0 0 0 1</matrix>
                            <instance_node url="#ID130" />
                        </node>
                        <node id="ID170" name="instance_21">
                            <matrix>0.3144639661482386 -0.3401801167224747 0.2917981360135855 89.10287877341006 0.1268146194630844 -0.2743564431450637 -0.4565116037903337 54.22505929529759 0.4298682545673191 0.329791267761099 -0.07878612456374892 42.37563082270459 0 0 0 1</matrix>
                            <instance_node url="#ID54" />
                        </node>
                        <node id="ID171" name="instance_22">
                            <matrix>0.4017802606337076 -0.307884058281537 0.2086534898371012 79.2910097383658 0.323422759296206 0.4408877049489486 0.02778489507047832 44.39223893390336 -0.1836480082504006 0.1028673334005495 0.5054186094562816 110.8699283990692 0 0 0 1</matrix>
                            <instance_node url="#ID54" />
                        </node>
                        <node id="ID172" name="instance_23">
                            <matrix>0.3352266246363693 -0.3528263320054831 0.2507846478125475 91.02214227599905 0.3267008774434156 -0.001872856264677942 -0.4393395942629286 40.48269404819038 0.2839822121412006 0.4186482077508135 0.2093896638672067 28.89018256347993 0 0 0 1</matrix>
                            <instance_node url="#ID54" />
                        </node>
                        <node id="ID173" name="instance_24">
                            <matrix>0.4221500112668205 -0.2674619903054286 0.2236284904239226 74.26262064769401 0.1215105128817615 0.4420451937765629 0.2993116969285565 75.15397262795827 -0.3267733361928962 -0.1811529199347881 0.4001987710531675 146.4797908922353 0 0 0 1</matrix>
                            <instance_node url="#ID54" />
                        </node>
                        <node id="ID174" name="instance_25">
                            <matrix>0.3677926656480877 -0.2343537688654642 0.331003196531433 89.04142531296105 -0.4017985043947759 -0.2713260980527715 0.2543547923306737 143.696719270932 0.05516128136289055 -0.4137834089641707 -0.3542552377938731 63.93854911558845 0 0 0 1</matrix>
                            <instance_node url="#ID54" />
                        </node>
                        <node id="ID175" name="instance_26">
                            <matrix>0.3685784813581234 -0.3404903353836979 0.2190262189557144 83.83604273995741 0.4017985043947761 0.2713260980527713 -0.2543547923306732 34.74679865042815 0.04963985239564524 0.3319709776859339 0.4325360158742663 79.38234966205098 0 0 0 1</matrix>
                            <instance_node url="#ID54" />
                        </node>
                        <node id="ID176" name="instance_27">
                            <matrix>0.3345908863725036 -0.266960045967625 0.3413759256500461 93.34675724690362 -0.323422759296206 -0.4408877049489489 -0.02778489507047815 165.6025229637276 0.2884491420089366 -0.1846797646787866 -0.4271378313758883 69.90789890777802 0 0 0 1</matrix>
                            <instance_node url="#ID54" />
                        </node>
                        <node id="ID177" name="instance_28">
                            <matrix>0.3142211357393908 -0.3073821139437334 0.3264009250632247 90.24593395737156 -0.1215105128817612 -0.4420451937765632 -0.2993116969285562 120.8316079839846 0.431574469951432 0.09934048865655112 -0.3219179929727742 34.34410648018761 0 0 0 1</matrix>
                            <instance_node url="#ID54" />
                        </node>
                        <node id="ID178" name="instance_29">
                            <matrix>-0.7839986369113082 -0.1017531354230845 -0.612366260299163 137.0662890093233 -0.6201668953503086 0.08518236347922593 0.7798313836103628 93.97107752733285 -0.02718748301645899 0.9911560242381946 -0.1298867829440905 104.1327593824749 0 0 0 1</matrix>
                            <instance_node url="#ID54" />
                        </node>
                        <node id="ID179" name="instance_30">
                            <matrix>0.01379811031197541 -0.005715364426340254 -0.1049385476233241 146.867223125466 -0.04056291309696988 -0.09792753492806632 -1.426991883044409e-017 145.2305330981892 -0.09695057632065002 0.04015824359190106 -0.01493496698045623 94.50043162497099 0 0 0 1</matrix>
                            <instance_node url="#ID130" />
                        </node>
                        <node id="ID180" name="instance_31">
                            <matrix>0.401144522369842 -0.2220177722436789 0.2992447676745998 78.28054474159762 -0.3267008774434153 0.001872856264678151 0.4393395942629292 164.9974182402888 -0.1791810783826651 -0.5004606390290505 -0.1311088857868131 118.5917565635868 0 0 0 1</matrix>
                            <instance_node url="#ID54" />
                        </node>
                        <node id="ID181" name="instance_32">
                            <matrix>0.4219071808579726 -0.2346639875266874 0.2582312794735619 77.10291019707728 -0.1268146194630837 0.2743564431450636 0.4565116037903338 121.4928976004378 -0.3250671208087833 -0.4116036990393359 0.1570669026441426 127.0737848175502 0 0 0 1</matrix>
                            <instance_node url="#ID54" />
                        </node>
                        <node id="ID182" name="instance_33">
                            <matrix>0.9900236577165572 -4.533716238454465e-016 -0.1409012319375853 81.38893701369977 3.099901598380598e-016 1 -1.039551109186281e-015 76.62263028495275 0.1409012319375853 9.855021960901947e-016 0.9900236577165572 20.43014537149922 0 0 0 1</matrix>
                            <instance_node url="#ID54" />
                        </node>
                    </node>
                    <node id="ID187" name="instance_34">
                        <matrix>1.29 3.451266460341927e-031 -2.775557561562891e-017 185.7879587786131 4.930380657631324e-032 1.29 1.97215226305253e-030 209.4496516363041 -5.551115123125783e-017 -3.944304526105059e-031 1.29 138.3527183712852 0 0 0 1</matrix>
                        <instance_node url="#ID188" />
                    </node>
                </node>
            </node>
            <node id="ID244" name="instance_43">
                <matrix>0.9438067718890552 -0.330497772059603 0 20.99703758978239 0.330497772059603 0.9438067718890552 0 15.39070574056176 -0 0 1 0 0 0 0 1</matrix>
                <instance_node url="#ID245" />
            </node>
        </node>
        <node id="ID54" name="Group_103">
            <instance_geometry url="#ID115">
                <bind_material>
                    <technique_common>
                        <instance_material symbol="Material2" target="#ID19">
                            <bind_vertex_input semantic="UVSET0" input_semantic="TEXCOORD" input_set="0" />
                        </instance_material>
                        <instance_material symbol="Material3" target="#ID116">
                            <bind_vertex_input semantic="UVSET0" input_semantic="TEXCOORD" input_set="0" />
                        </instance_material>
                    </technique_common>
                </bind_material>
            </instance_geometry>
            <node id="ID55" name="instance_2">
                <matrix>0.4416530022319425 5.551115123125783e-017 0.2343984334834835 57.6773254882844 2.775557561562891e-017 0.4999999999999999 -6.938893903907228e-017 24.353669962889 -0.2343984334834835 0 0.4416530022319425 11.12714522492581 0 0 0 1</matrix>
                <instance_node url="#ID56" />
            </node>
            <node id="ID70" name="instance_3">
                <matrix>0.7071067811865468 -8.326672684688675e-017 0.7071067811865471 39.63343704135514 -5.551115123125783e-017 0.4999999999999996 2.775557561562891e-017 19.59083107554079 -0.707106781186547 9.714451465470121e-017 0.7071067811865471 13.67822631318097 0 0 0 1</matrix>
                <instance_node url="#ID71" />
            </node>
            <node id="ID80" name="instance_4">
                <matrix>0.4299999999999999 -2.775557561562891e-017 1.387778780781446e-017 30.96438632898821 0 0.4299999999999997 -1.387778780781446e-017 8.440165031657102 0 4.163336342344337e-017 0.4299999999999998 7.892880541412296 0 0 0 1</matrix>
                <instance_node url="#ID56" />
            </node>
            <node id="ID81" name="instance_5">
                <matrix>0.5803365722599201 -0.09074274121415649 -0.1645454885876473 10.66338184071373 0.1030533436962298 0.6003597239000176 0.03237607560716604 19.89931964426444 0.1571288364706923 -0.05859997300029125 0.5864951593267685 6.794452782146664 0 0 0 1</matrix>
                <instance_node url="#ID82" />
            </node>
            <node id="ID91" name="instance_6">
                <matrix>0.4299999999999999 -2.775557561562891e-017 1.387778780781446e-017 10.5668703051366 0 0.4299999999999997 -1.387778780781446e-017 7.824278817850086 0 4.163336342344337e-017 0.4299999999999998 7.892880541412524 0 0 0 1</matrix>
                <instance_node url="#ID82" />
            </node>
            <node id="ID92" name="instance_7">
                <matrix>0.4299999999999999 -2.775557561562891e-017 1.387778780781446e-017 22.96157277938369 0 0.4299999999999997 -1.387778780781446e-017 8.600450734101855 0 4.163336342344337e-017 0.4299999999999998 7.89288054141241 0 0 0 1</matrix>
                <instance_node url="#ID71" />
            </node>
            <node id="ID93" name="instance_8">
                <matrix>-0.1227896265172975 0.7575905348285976 -0.2589966971948925 31.69996483887542 -0.5758508576469098 -0.2656117059111324 -0.5039307605517818 14.0512898679404 -0.5562539863830747 0.1077358028748947 0.5788561992514567 12.10748001747595 0 0 0 1</matrix>
                <instance_node url="#ID94" />
            </node>
            <node id="ID103" name="instance_9">
                <matrix>0.8151277957285527 -1.110223024625157e-016 0.1853699751496573 30.87095776359354 -5.551115123125783e-017 0.9999999999999987 -1.387778780781446e-017 18.5810937509325 -0.579281172342678 1.110223024625157e-016 0.2608408946331369 10.0459541549626 0 0 0 1</matrix>
                <instance_node url="#ID104" />
            </node>
            <node id="ID113" name="instance_10">
                <matrix>0.4299999999999999 -2.775557561562891e-017 1.387778780781446e-017 14.07474735417731 0 0.4299999999999997 -1.387778780781446e-017 7.623064423630865 0 4.163336342344337e-017 0.4299999999999998 7.892880541412296 0 0 0 1</matrix>
                <instance_node url="#ID94" />
            </node>
            <node id="ID114" name="instance_11">
                <matrix>0.4299999999999999 -2.775557561562891e-017 1.387778780781446e-017 21.02832690188677 0 0.4299999999999997 -1.387778780781446e-017 8.166263684520345 0 4.163336342344337e-017 0.4299999999999998 7.892880541412296 0 0 0 1</matrix>
                <instance_node url="#ID104" />
            </node>
        </node>
        <node id="ID56" name="rock_5">
            <instance_geometry url="#ID57">
                <bind_material>
                    <technique_common>
                        <instance_material symbol="Material2" target="#ID58">
                            <bind_vertex_input semantic="UVSET0" input_semantic="TEXCOORD" input_set="0" />
                        </instance_material>
                    </technique_common>
                </bind_material>
            </instance_geometry>
        </node>
        <node id="ID71" name="rock_4">
            <instance_geometry url="#ID72">
                <bind_material>
                    <technique_common>
                        <instance_material symbol="Material2" target="#ID58">
                            <bind_vertex_input semantic="UVSET0" input_semantic="TEXCOORD" input_set="0" />
                        </instance_material>
                    </technique_common>
                </bind_material>
            </instance_geometry>
        </node>
        <node id="ID82" name="rock_1">
            <instance_geometry url="#ID83">
                <bind_material>
                    <technique_common>
                        <instance_material symbol="Material2" target="#ID58">
                            <bind_vertex_input semantic="UVSET0" input_semantic="TEXCOORD" input_set="0" />
                        </instance_material>
                    </technique_common>
                </bind_material>
            </instance_geometry>
        </node>
        <node id="ID94" name="rock_2">
            <instance_geometry url="#ID95">
                <bind_material>
                    <technique_common>
                        <instance_material symbol="Material2" target="#ID58">
                            <bind_vertex_input semantic="UVSET0" input_semantic="TEXCOORD" input_set="0" />
                        </instance_material>
                    </technique_common>
                </bind_material>
            </instance_geometry>
        </node>
        <node id="ID104" name="rock_3">
            <instance_geometry url="#ID105">
                <bind_material>
                    <technique_common>
                        <instance_material symbol="Material2" target="#ID58">
                            <bind_vertex_input semantic="UVSET0" input_semantic="TEXCOORD" input_set="0" />
                        </instance_material>
                    </technique_common>
                </bind_material>
            </instance_geometry>
        </node>
        <node id="ID130" name="群組_2">
            <instance_geometry url="#ID131">
                <bind_material>
                    <technique_common>
                        <instance_material symbol="Material2" target="#ID10">
                            <bind_vertex_input semantic="UVSET0" input_semantic="TEXCOORD" input_set="0" />
                        </instance_material>
                        <instance_material symbol="Material3" target="#ID19">
                            <bind_vertex_input semantic="UVSET0" input_semantic="TEXCOORD" input_set="0" />
                        </instance_material>
                    </technique_common>
                </bind_material>
            </instance_geometry>
            <instance_geometry url="#ID139">
                <bind_material>
                    <technique_common>
                        <instance_material symbol="Material2" target="#ID10">
                            <bind_vertex_input semantic="UVSET0" input_semantic="TEXCOORD" input_set="0" />
                        </instance_material>
                        <instance_material symbol="Material3" target="#ID19">
                            <bind_vertex_input semantic="UVSET0" input_semantic="TEXCOORD" input_set="0" />
                        </instance_material>
                    </technique_common>
                </bind_material>
            </instance_geometry>
            <instance_geometry url="#ID147">
                <bind_material>
                    <technique_common>
                        <instance_material symbol="Material2" target="#ID10">
                            <bind_vertex_input semantic="UVSET0" input_semantic="TEXCOORD" input_set="0" />
                        </instance_material>
                        <instance_material symbol="Material3" target="#ID19">
                            <bind_vertex_input semantic="UVSET0" input_semantic="TEXCOORD" input_set="0" />
                        </instance_material>
                    </technique_common>
                </bind_material>
            </instance_geometry>
            <instance_geometry url="#ID155">
                <bind_material>
                    <technique_common>
                        <instance_material symbol="Material2" target="#ID10">
                            <bind_vertex_input semantic="UVSET0" input_semantic="TEXCOORD" input_set="0" />
                        </instance_material>
                        <instance_material symbol="Material3" target="#ID19">
                            <bind_vertex_input semantic="UVSET0" input_semantic="TEXCOORD" input_set="0" />
                        </instance_material>
                    </technique_common>
                </bind_material>
            </instance_geometry>
        </node>
        <node id="ID188" name="Rendering_SketchUp_Explosion_Effect">
            <node id="ID189" name="group_5">
                <matrix>1 0 0 -161.0841766041327 0 1 0 -162.3640710358951 0 0 1 -117.4477763877588 0 0 0 1</matrix>
                <node id="ID190" name="instance_35">
                    <matrix>0.7071067811865472 -0.707106781186548 -2.775557561562891e-017 145.9694134991711 0.707106781186548 0.7071067811865472 6.78550488380264e-018 -5.684341886080802e-014 1.482807921643589e-017 -2.442423225065848e-017 1 5.684341886080802e-014 0 0 0 1</matrix>
                    <instance_node url="#ID191" />
                </node>
                <node id="ID237" name="instance_36">
                    <matrix>0.7071067811865478 0.7071067811865472 -2.775557561562891e-017 1.13686837721616e-013 -0.7071067811865472 0.7071067811865478 -1.473044520583221e-017 206.4319242621736 9.210158038606371e-018 3.004215342848801e-017 1 5.684341886080802e-014 0 0 0 1</matrix>
                    <instance_node url="#ID191" />
                </node>
                <node id="ID238" name="instance_37">
                    <matrix>6.252425537465183e-017 1 2.775557561562891e-017 72.98470674958548 -1 6.252425537465183e-017 4.981740506307214e-017 322.1700823798435 4.981740506307214e-017 -2.775557561562891e-017 1 8.526512829121202e-014 0 0 0 1</matrix>
                    <instance_node url="#ID191" />
                </node>
                <node id="ID239" name="instance_38">
                    <matrix>0.9238795325112867 -0.38268343236509 -2.775557561562891e-017 80.84155403930123 0.3826834323650899 0.9238795325112869 6.785504883802442e-018 24.98147786111917 2.304610792508531e-017 -1.689058802375812e-017 1 8.526512829121202e-014 0 0 0 1</matrix>
                    <instance_node url="#ID191" />
                </node>
                <node id="ID240" name="instance_39">
                    <matrix>0.3826834323650896 0.923879532511287 -8.326672684688672e-017 24.98147786111929 -0.9238795325112869 0.3826834323650897 4.981740506307214e-017 271.5597837220433 7.789007773216947e-017 5.786412911198829e-017 1 5.684341886080802e-014 0 0 0 1</matrix>
                    <instance_node url="#ID191" />
                </node>
                <node id="ID241" name="instance_40">
                    <matrix>0.9238795325112869 0.3826834323650895 0 1.843476712922325 -0.3826834323650895 0.9238795325112869 6.785504883802442e-018 136.7016302174829 2.596700299263596e-018 -6.268989079900454e-018 1 5.684341886080802e-014 0 0 0 1</matrix>
                    <instance_node url="#ID191" />
                </node>
                <node id="ID242" name="instance_41">
                    <matrix>0.3826834323650895 -0.923879532511287 -1.110223024625156e-016 215.6997075438619 0.923879532511287 0.3826834323650895 7.1333355152707e-017 1.843476712921813 -2.341703103551393e-017 -1.298693260893515e-016 1 8.526512829121202e-014 0 0 0 1</matrix>
                    <instance_node url="#ID191" />
                </node>
                <node id="ID243" name="instance_42">
                    <matrix>1 0 0 7.766045299899815 0 1 0 -20.1684362976001 0 0 1 1.216672287328237 0 0 0 1</matrix>
                    <instance_node url="#ID191" />
                </node>
            </node>
        </node>
        <node id="ID191" name="Component_2">
            <instance_geometry url="#ID192">
                <bind_material>
                    <technique_common>
                        <instance_material symbol="Material2" target="#ID193">
                            <bind_vertex_input semantic="UVSET0" input_semantic="TEXCOORD" input_set="0" />
                        </instance_material>
                    </technique_common>
                </bind_material>
            </instance_geometry>
            <instance_geometry url="#ID205">
                <bind_material>
                    <technique_common>
                        <instance_material symbol="Material2" target="#ID193">
                            <bind_vertex_input semantic="UVSET0" input_semantic="TEXCOORD" input_set="0" />
                        </instance_material>
                    </technique_common>
                </bind_material>
            </instance_geometry>
            <instance_geometry url="#ID213">
                <bind_material>
                    <technique_common>
                        <instance_material symbol="Material2" target="#ID193">
                            <bind_vertex_input semantic="UVSET0" input_semantic="TEXCOORD" input_set="0" />
                        </instance_material>
                    </technique_common>
                </bind_material>
            </instance_geometry>
            <instance_geometry url="#ID221">
                <bind_material>
                    <technique_common>
                        <instance_material symbol="Material2" target="#ID193">
                            <bind_vertex_input semantic="UVSET0" input_semantic="TEXCOORD" input_set="0" />
                        </instance_material>
                    </technique_common>
                </bind_material>
            </instance_geometry>
            <instance_geometry url="#ID229">
                <bind_material>
                    <technique_common>
                        <instance_material symbol="Material2" target="#ID193">
                            <bind_vertex_input semantic="UVSET0" input_semantic="TEXCOORD" input_set="0" />
                        </instance_material>
                    </technique_common>
                </bind_material>
            </instance_geometry>
        </node>
        <node id="ID245" name="Sang">
            <instance_geometry url="#ID246">
                <bind_material>
                    <technique_common>
                        <instance_material symbol="Material2" target="#ID247">
                            <bind_vertex_input semantic="UVSET0" input_semantic="TEXCOORD" input_set="0" />
                        </instance_material>
                    </technique_common>
                </bind_material>
            </instance_geometry>
        </node>
    </library_nodes>
    <library_geometries>
        <geometry id="ID9">
            <mesh>
                <source id="ID15">
                    <float_array id="ID24" count="312">544.1768834517542 321.4951337449939 61.48437866798486 577.7183450659267 313.4564020122404 32.91912877868526 568.4932145783577 306.1274463134172 16.76013924574636 568.4932145783577 306.1274463134172 16.76013924574636 577.7183450659267 313.4564020122404 32.91912877868526 544.1768834517542 321.4951337449939 61.48437866798486 587.1099543178951 269.2649090614146 60.83183159751206 587.1099543178951 269.2649090614146 60.83183159751206 544.6995866778442 310.2210091634938 12.93471821296862 544.6995866778442 310.2210091634938 12.93471821296862 575.3704427514812 312.1321761590896 63.15578090210693 575.3704427514812 312.1321761590896 63.15578090210693 578.7353447667509 265.5858089148731 13.32253208953716 578.7353447667509 265.5858089148731 13.32253208953716 548.3585092604789 268.5397161603775 0 548.3585092604789 268.5397161603775 0 520.7898025048662 296.3067365155571 26.90338696011622 520.7898025048662 296.3067365155571 26.90338696011622 564.0036140762823 319.8068035167819 86.44494215055693 564.0036140762823 319.8068035167819 86.44494215055693 582.3396131243262 306.9613285625649 86.36337376651227 582.3396131243262 306.9613285625649 86.36337376651227 584.662738566907 246.2410793608596 22.77227281641899 584.662738566907 246.2410793608596 22.77227281641899 510.6354218375809 307.016787288301 61.56259990156559 510.6354218375809 307.016787288301 61.56259990156559 549.5435172867674 311.6341659554753 113.7527194515069 549.5435172867674 311.6341659554753 113.7527194515069 575.3704427514813 289.5158875516021 113.660955019589 575.3704427514813 289.5158875516021 113.660955019589 571.8586820009032 246.1504302479682 3.988961674110215 571.8586820009032 246.1504302479682 3.988961674110215 577.7601464555154 225.5956488489451 40.25260777827498 577.7601464555154 225.5956488489451 40.25260777827498 511.8115040962849 264.2014939484917 10.29941969405172 511.8115040962849 264.2014939484917 10.29941969405172 501.2438125856115 263.5817479182223 41.1976787762078 501.2438125856115 263.5817479182223 41.1976787762078 510.3000072214391 299.0065771099074 109.9134780613158 510.3000072214391 299.0065771099074 109.9134780613158 564.0036140762823 306.5186528253796 127.1236049823829 564.0036140762823 306.5186528253796 127.1236049823829 531.0957134222261 312.2390437384969 121.878800398008 531.0957134222261 312.2390437384969 121.878800398008 575.3704427514813 246.6417459766918 120.8295402084023 575.3704427514813 246.6417459766918 120.8295402084023 556.2781915564073 225.4936685970894 13.64563161393016 556.2781915564073 225.4936685970894 13.64563161393016 570.9918390563315 214.8576095135225 23.05947239407215 570.9918390563315 214.8576095135225 23.05947239407215 579.3692428471303 217.1457581479124 61.21097400183407 579.3692428471303 217.1457581479124 61.21097400183407 518.036684777052 231.9585300413664 14.40771076625333 518.036684777052 231.9585300413664 14.40771076625333 547.5233401446667 265.7235031741608 139.4484251968497 547.5233401446667 265.7235031741608 139.4484251968497 547.5233401446667 265.7235031741608 139.4484251968497 547.5233401446667 265.7235031741608 139.4484251968497 582.3396131243262 227.3491782130391 106.4140824403094 582.3396131243262 227.3491782130391 106.4140824403094 537.4726526423319 219.7313438091632 9.805020560220328 537.4726526423319 219.7313438091632 9.805020560220328 540.1639232042543 205.6683620914507 63.12942821209435 540.1639232042543 205.6683620914507 63.12942821209435 574.983285570449 218.6208718381541 85.30290490992684 574.983285570449 218.6208718381541 85.30290490992684 502.5854710501789 259.9621613040491 75.6617545861418 502.5854710501789 259.9621613040491 75.6617545861418 565.0098579276137 226.9065024758536 133.1208527123627 565.0098579276137 226.9065024758536 133.1208527123627 520.8408533294141 220.1467085481436 27.89297218069714 520.8408533294141 220.1467085481436 27.89297218069714 506.6104464438794 249.1034014615294 96.65862446352458 506.6104464438794 249.1034014615294 96.65862446352458 507.4971297759594 229.7989395192721 55.42848710278304 507.4971297759594 229.7989395192721 55.42848710278304 513.3187387667149 276.5180204748209 128.7509750135196 513.3187387667149 276.5180204748209 128.7509750135196 553.6844574301886 218.1228616345398 121.1526397327943 553.6844574301886 218.1228616345398 121.1526397327943 564.6657182106428 209.0225019583585 106.7012820179616 564.6657182106428 209.0225019583585 106.7012820179616 518.036684777052 231.9585300413664 14.40771076625333 540.1639232042543 205.6683620914507 63.12942821209435 520.8408533294141 220.1467085481436 27.89297218069714 520.8408533294141 220.1467085481436 27.89297218069714 540.1639232042543 205.6683620914507 63.12942821209435 518.036684777052 231.9585300413664 14.40771076625333 517.0921531979456 254.6077415811313 125.8537489231658 517.0921531979456 254.6077415811313 125.8537489231658 541.1494268066435 215.9283998741689 119.5743589001568 541.1494268066435 215.9283998741689 119.5743589001568 511.6329405861707 216.5271219339703 66.71481127803145 511.6329405861707 216.5271219339703 66.71481127803145 524.2010796571758 237.10474403513 133.1091954768917 524.2010796571758 237.10474403513 133.1091954768917 531.8825074114966 221.8052378637204 121.1387056934982 531.8825074114966 221.8052378637204 121.1387056934982 516.7049960169125 219.4680360570059 88.82349157194494 516.7049960169125 219.4680360570059 88.82349157194494 513.0205924304891 235.0272313150499 110.5256894965351 513.0205924304891 235.0272313150499 110.5256894965351 523.8569399402049 212.1031827202817 106.3345399529999 523.8569399402049 212.1031827202817 106.3345399529999</float_array>
                    <technique_common>
                        <accessor count="104" source="#ID24" stride="3">
                            <param name="X" type="float" />
                            <param name="Y" type="float" />
                            <param name="Z" type="float" />
